101.001
101.021
101.022
101.025
101.027
101.029
101.030
101.031
101.032
101.033
101.035
101.039
103.021
106.032
107.025
107.031
107.032
109.021
109.025
109.032
110.029
110.030
111.021
111.032
115.021
115.022
115.025
115.026
115.028
115.029
115.031
115.032
115.046
116.021
116.025
116.032
116.033
116.039
116.050
117.021
117.025
117.028
117.032
117.035
118.032
119.026 and 119.032
130.025
130.025F
130.032
139.021
139.025
139.032
139.035
140.025
140.029
140.032
140.035
140.048
143.050
145.025
145.029
145.032
147.025
148.038
151.021
180.026
180.026FE
180.032
181.037
181.038
1815
182.030
182.830
191.021
191.025
191.028
191.032
191.039
192.025
192.029
192.032
201.027
201.033
205.086
206.021
206.025
206.027
206.029
206.032
211.026
211.032
211.033
212.050
215.026
215.029
215.033
216.026
216.032
216.033
219.026
219.028
219.032
219.043
219.047
221.021
221.025
221.032
231.031
231.035
232.021
232.025
232.026
232.032
233.021
233.025
233.026
233.032
234.021
234.026
234.032
235.021
235.026
235.032
236.049
236.050
238.026
238.026E
238.032
245.025
250.032
252.025
252.029
252.032
260.028
260.032
301.021
301.027
302.025
307.026
307.032
308.021
308.025
308.027
308.031
308.032
309.021
309.025
309.031
310.021
310.025
310.026
310.026E
310.032
315.026
315.032
320.021
320.025
320.028
320.032
330.025
330.026
330.026E
330.032
330.032.E
380.026
380.027
380.028
380.032
380.033
380.042
380.044
381.029
381.031
384.026
384.029
384.031
384.032
385.026
385.032
386.026
386.032
401.026
401.031
402.026
402.032
403.031
403.032
403.035
403.035F
404.032
404.035
405.031
405.034
405.035
410.025
410.030
410.032
410.032E
410.038
410.038E
414.026
414.028
414.031
414.032
421.025
421.025FE
421.032
421.032FE
703.025
704.025
704.032
712.050
720.025
720.032
722.050
730.025
730.032
730.032F
740.036
740.036FE
760.026F
760.032
760.032F
813.043
813.047
835.030
840.021
840.029
842.026
842.032
878.029
878.038
FL 23883