101
1101
1102
1103
1104
1106
1107
1108
1109
1110
1111
1112
1113
1114
1115
1180
120
1203
1204
1205
122
123
125
126
127
130
1301
1302
1303
131
139
140
141
142
150
151
164
164.S1
165
172
175
176
177
180
181
201
205
231
234
235
240
243
244
247
248
251
252
260
271
272
282
283
301
306
307
309
319
320
321
322
324
325
326
327
328
329
330
331
340
341
342
343
352
360
363
364
380
381
383
384
385
386
387
388
389
392
393
401
405
406
408
421
422
423
435
472
473
478
479
489
490
491
492
493
494
495
496
497
498
501
550
551
552
553
554
555
556
560
561
562
563
564
580
581
601
602
603
604
635
637
641
701
703
704
708
709
731
733
735
736
737
738
740
741
742
743
744
748
751
753
765
766
767
771
774
775
776
777
781
801
802
803
804
805
806
807
822
823
920
921
930
931
932
933
935
940
941
942
952
953
954
Ludwig