01
01 111 7700 4031
01 111 7700 4031-Set 1 23 73FC
01 111 7700 4061
01 111 7700 4061-Set 1 23 71FC
01 111 7700 4061-Set 8 23 79
0111177004063-Set12372FC
01 111 7700 4063-Set 8 23 79
01 111 7700 4065
01 111 7700 4065-Set 1 23 72FC
01 111 7700 4065-Set 1 23 87FC
01 111 7700 4065-Set 8 23 79
0111177006061-Set12378
01 111 7700 6061-Set 1 23 82
01 111 7700 6061-Set 1 23 86
01 111 7700 6062-Set 1 23 86
01 111 7711 4163
01 111 7711 4163-Set 1 22 72FC
01 111 7711 4163-Set 5 22 14FC
01 111 7711 4163-Set 8 22 19
01 111 7711 4165
01 111 7711 4165-Set 1 22 72FC
01 111 7711 4165-Set 5 22 15FC
01 111 7711 4165-Set 8 22 19
01 112 7726 4051
01 112 7726 4051-Set 1 23 71FC
01 112 7726 4051-Set 1 23 72FC
01 112 7726 4051-Set 8 23 79
01 112 7726 4055
01 112 7726 4055-Set 1 23 72FC
01 112 7726 6351-Set 1 23 72FC
01 112 7726 6351-Set 1 23 73FC
01 113 7738 4031
01 113 7738 4031-Set 1 23 83FC
01 113 7738 4031-Set 8 23 79PS
01 113 7738 4061
01 113 7738 4061-Set 1 23 71FC
01 113 7738 4061-Set 1 23 72FC
01 113 7738 4061-Set 8 23 79PS
01 113 7738 4063
01 113 7738 4063-Set 1 23 73FC
01 113 7738 4063-Set 8 23 79PS
01 114 7746 4063
01 114 7746 4063-Set 5 22 14FC
01 114 7746 4063-Set 8 22 19
01 114 7746 4164
01 114 7746 4164-Set 1 22 72FC
01 115 7759 7153
01 115 7759 7153-Set5 22 04TLC
01 115 7759 7153-Set7 22 01TLC
01 396 7580 4051-07 5 21 05
01 396 7580 4054-07 5 21 06
01 396 7580 4351-07 5 21 05
01 396 7580 6051-SET
01 560 7687 4019-07 5 14 60FC
01 560 7687 4019-07 8 14 77
01 560 7687 4351-07 5 14 70FC
01 560 7687 4351-07 8 14 78
01 560 7687 4919-07 5 14 60FC
01 560 7687 4919-07 8 14 77
01 560 7724 4031-07 5 17 35FC
01 560 7724 4031-07 5 17 64FC
01 560 7724 4031-07 8 17 79
01 560 7724 4051-07 5 17 33FC
01 560 7724 4051-07 8 17 79
01 561 7621 4961-07 8 16 75
01 561 7650 4331-07 8 14 63
01 561 7650 4334-07 8 14 63
01 561 7656 4034-07 8 17 82
01 561 7687 4051-07 5 14 70FC
01 561 7687 4071-07 5 14 70FC
01 561 7687 4071-07 8 14 77
01 561 7687 4094-07 5 14 60FC
01 561 7687 4351-07 5 14 70FC
01 561 7687 4351-07 8 14 78
01 561 7718 4071-07 5 14 31
01 561 7718 4071-07 5 14 32
01 561 7718 4071-07 8 14 10
01 561 7718 4371-07 5 14 32
01 561 7718 4371-07 5 14 33
01 561 7718 4371-07 8 14 12
01 561 7718 4373-07 5 14 31
01 561 7718 4373-07 5 14 32
01 561 7724 4051-07 5 17 33FC
01 561 7724 4051-07 5 17 64FC
01 561 7724 4053-07 5 17 63FC
01 561 7724 4951-07 5 17 33FC
01 561 7724 4951-07 5 17 35FC
01 561 7724 4951-07 5 17 64FC
01 561 7724 4951-07 8 17 79
01 561 7724 4953-07 5 17 33FC
01 561 7724 4953-07 5 17 35FC
01 561 7724 4953-07 5 17 63FC
01 582 7658 4034-07 5 23 71FC
01 582 7678 4061-07 5 20 76FC
01 582 7678 4361-07 5 20 77FC
01 582 7689 6351-07 5 21 70FC
01 582 7689 6351-07 8 21 77
01 594 7680 4031-07 8 14 30
01 594 7680 4061-07 8 14 30
01 594 7680 4334-07 8 14 32
01 594 7695 4361-07 5 14 52
01 594 7695 4361-07 8 14 32
01 623 7582 4074-07 5 21 71FC
01 635 7568 4064-07 8 21 61
01 635 7589 7064
01 643 7654 7185
01 645 7596 4051
01 667 7645 7284-Set
01 667 7645 7294-Set
01 672 7564 4154-Set
01 673 7611 7084-Set
01 673 7739 4034
01 673 7739 4034-Set LS
01 673 7739 4084
01 673 7739 4084-Set LS
01 673 7739 4084-Set MB
01 674 7587 7264-07 4 28 02T
01 674 7611 7764
01 674 7611 7764-07 4 28 02B
01 674 7616 4154-07 5 22 58FC
01 674 7630 7154
01 674 7630 7154-Set
01 674 7633 4794-07 5 24 58BFC
01 674 7644 4051
01 674 7644 4051-07 5 22 80FC
01 674 7644 4051-07 8 22 80
01 674 7644 4054 07 5 22 81FC
01 674 7644 4054-07 8 22 80
01 674 7655 7184-Set
01 674 7655 7253-07 4 26 34TEB
01 674 7655 7253-07 8 26 75PEB
01 674 7659 4764-07 4 25 06B
01 674 7661 4154-07 4 22 20FC
01 674 7661 4154-07 5 22 82FC
01 674 7661 4154-07 8 22 85
01 674 7661 4174-07 8 22 85
01 674 7661 4434
01 674 7661 4434-07 4 22 20FC
01 674 7661 4434-07 5 22 82FC
01 674 7661 4434-07 8 22 85
01 674 7725 8734-07 424 54FCTB
01 674 7725 8764-07 424 50FCTB
01 674 7725 8784
01 675 7648 4234-07 5 23 77
01 675 7648 4264
01 675 7648 4264-07 5 23 77
01 676 7603 4094
01 676 7661 4494-Set LS
01 677 7619 4154-Set
01 690 7615 4154-Set-LS
01 690 7690 4081
01 690 7690 4081-Set MB
01 690 7735 4063-07 1 22 72FC
01 690 7735 4063-07 5 22 05FC
01 690 7735 4063-07 5 22 06FC
01 690 7735 4063-07 8 22 19-1
01 690 7735 4164-07 1 22 72FC
01 690 7735 4164-07 5 22 14FC
01 690 7735 4164-07 5 22 15FC
01 690 7735 4164-07 8 22 19-1
01 732 7712 4085-Set LS
01 732 7736 4081
01 732 7736 4081-Set LS
01 733 7533 8454 07 8 24 01PEB
01 733 7578 4031-07 5 18 10
01 733 7578 4034-07 8 18 61
01 733 7578 4331-07 5 18 10
01 733 7578 4334-07 8 18 63
01 733 7591 4084
01 733 7591 6351-07 5 21 70FC
01 733 7591 6351-07 8 21 73
01 733 7594 4031-07 5 20 12
01 733 7594 4031-07 8 20 10
01 733 7594 4031-07 8 20 61
01 733 7594 4034-07 5 20 11
01 733 7594 4034-07 8 20 10
01 733 7594 4034-07 8 20 61
01 733 7594 4035-07 5 20 85
01 733 7594 4035-07 8 20 61
01 733 7594 4091-07 8 20 61
01 733 7594 4331-07 5 20 12
01 733 7594 4331-07 8 20 63
01 733 7594 4334-07 5 20 11
01 733 7594 4391-07 8 20 63
01 733 7594 4831-07 6 20 12
01 733 7629 4063-Set LS
01 733 7629 4263-07 5 22 79
01 733 7642 4031-07 5 21 80FC
01 733 7642 4031-07 8 21 80
01 733 7642 4034-07 5 21 81FC
01 733 7642 4034-07 8 21 80
01 733 7642 4035
01 733 7642 4035-07 5 21 85FC
01 733 7642 4035-07 8 21 80
01 733 7642 6331-07 5 21 80FC
01 733 7646 7154
01 733 7646 7154-07 4 26 04TEB
01 733 7646 7154-07 8 26 71PEB
01 733 7646 7184-Set
01 733 7649 4091-Set MB
01 733 7652 4141-07 8 18 01P
01 733 7652 4154-07 4 18 34
01 733 7652 4154-07 8 18 01P
01 733 7652 4156-07 4 18 31
01 733 7652 4156-07 8 18 01P
01 733 7652 4192-07 5 18 12FC
01 733 7652 4192-07 8 18 01P
01 733 7652 4194-07 4 18 34
01 733 7652 4194-07 8 18 01P
01 733 7652 4195-07 8 18 01P
01 733 7652 4722-07 4 18 34B
01 733 7652 4994-07 4 18 34
01 733 7652 4994-07 8 18 01P
01 733 7653 4127-07 4 26 34EB
01 733 7653 4127-07 8 26 01PEB
01 733 7653 4128-07 4 26 32EB
01 733 7653 4128-07 4 26 34EB
01 733 7653 4128-07 8 26 01PEB
01 733 7653 4135-07 4 26 34EB
01 733 7653 4137-07 4 26 34EB
01 733 7653 4137-07 8 26 01PEB
01 733 7653 4154
01 733 7653 4154-07 4 26 34EB
01 733 7653 4154-07 8 26 01PEB
01 733 7653 4155-07 4 26 34EB
01 733 7653 4155-07 8 26 01PEB
01 733 7653 4156-07 4 26 31EB
01 733 7653 4156-07 8 26 01PEB
01 733 7653 4159-07 4 26 34EB
01 733 7653 4159-07 8 26 01PEB
01 733 7653 4183-Set RS
01 733 7653 4259-07 4 26 32GEB
01 733 7653 4259-07 4 26 34GEB
01 733 7653 4722-07 4 26 34BEB
01 733 7653 4725-07 4 26 34BEB
01 733 7653 4783-Set RS
01 733 7668 4114-07 8 25 10
01 733 7670 4031-07 5 21 75FC
01 733 7670 4031-07 8 21 77
01 733 7670 4051-07 1 21 73FC
01 733 7670 4051-07 5 21 70FC
01 733 7670 4051-07 8 21 77
01 733 7670 4054-07 1 21 74FC
01 733 7670 4054-07 5 21 71FC
01 733 7670 4054-07 8 21 77
01 733 7670 4071-07 5 21 70FC
01 733 7670 4071-07 8 21 77
01 733 7670 4351-07 5 21 70FC
01 733 7670 4351-07 8 21 78
01 733 7670 6351-07 8 21 77
01 733 7671 4461-07 5 18 87FC
01 733 7675 4154
01 733 7675 4154-Set
01 733 7675 4154-Set RS
01 733 7675 4754
01 733 7675 4754-Set RS
01 733 7676 4153-07 8 21 10P
01 733 7676 4156-07 4 21 31
01 733 7682 7154-07 4 26 34TEB
01 733 7682 7154-07 8 26 75PEB
01 733 7705 4134
01 733 7705 4134-07 5 23 14FC
01 733 7705 4134-07 5 23 17FC
01 733 7705 4134-07 8 23 19
01 733 7705 4134-Set 5 23 14FC
01 733 7705 4134-Set 5 23 15FC
01 733 7705 4134-Set 8 23 19
01 733 7705 4164
01 733 7705 4164-07 5 23 14FC
01 733 7705 4164-07 5 23 17FC
01 733 7705 4164-07 8 23 19
01 733 7705 4164-Set 5 23 14FC
01 733 7705 4164-Set 5 23 19FC
01 733 7705 4164-Set 8 23 19
01 733 7705 4184-Set 5 23 14FC
01 733 7705 4234
01 733 7705 4234-Set5 23 16GFC
01 733 7705 4264-Set5 23 16GFC
01 733 7707 4035-07 4 20 18
01 733 7707 4035-07 5 20 29FC
01 733 7707 4035-07 8 20 18
01 733 7707 4055
01 733 7707 4055-07 4 20 18
01 733 7707 4055-07 5 20 45
01 733 7707 4055-07 8 20 18
01 733 7707 4064-07 4 20 18
01 733 7707 4064-07 5 20 22
01 733 7707 4064-07 5 20 24
01 733 7707 4064-07 8 20 18
0173377074065
01 733 7707 4065-07 4 20 18
01 733 7707 4065-07 5 20 24
01 733 7707 4065-07 5 20 26FC
01 733 7707 4065-07 5 20 28FC
01 733 7707 4065-07 8 20 18
01 733 7707 4084
01 733 7707 4084-Set LS
01 733 7707 4354-07 4 20 18
01 733 7707 4354-07 5 20 30
01 733 7707 4354-07 5 20 45
01 733 7707 4354-07 5 20 55
01 733 7707 4354-07 8 20 18
01 733 7707 4355-07 5 20 45
01 733 7707 4355-07 8 20 17
01 733 7707 4357-07 4 20 18
01 733 7707 4357-07 5 20 45
01 733 7707 4357-07 8 20 18
01 733 7713 4031-07 5 19 80FC
01 733 7713 4031-07 8 19 80
01 733 7713 4034-07 5 19 81FC
01 733 7713 4035-07 5 19 85FC
01 733 7713 4035-07 8 19 80
01 733 7716 4164-07 8 24 50
01 733 7719 4071-07 5 20 32
01 733 7719 4071-07 8 20 10
01 733 7719 4075-07 5 20 35
01 733 7719 4371-07 5 20 32
01 733 7719 4371-07 8 20 12
01 733 7719 4373-07 5 20 32
01 733 7719 4373-07 8 20 12
01 733 7719 4871-07 6 20 32
01 733 7720 3185-Set LS
01 733 7720 4035-07 5 21 13
01 733 7720 4051-07 4 21 18
01 733 7720 4051-07 5 21 02
01 733 7720 4051-07 8 21 18
01 733 7720 4054-07 4 21 18
01 733 7720 4054-07 5 21 45
01 733 7720 4054-07 8 21 18
0173377204055
01 733 7720 4055-07 4 21 18
01 733 7720 4055-07 5 21 02
01 733 7720 4055-07 5 21 26FC
01 733 7720 4055-07 5 21 28FC
01 733 7720 4055-07 5 21 29FC
01 733 7720 4055-07 5 21 45
01 733 7720 4055-07 8 21 18
01 733 7720 4057-07 4 21 18
01 733 7720 4057-07 5 21 02
01 733 7720 4057-07 5 21 24FC
01 733 7720 4057-07 5 21 25FC
01 733 7720 4057-07 5 21 45
01 733 7720 4057-07 8 21 18
01 733 7720 4354-07 4 21 18
01 733 7720 4354-07 5 21 44
01 733 7720 4354-07 5 21 45
01 733 7720 4354-07 8 21 18
01 733 7721 4051-07 5 21 32FC
01 733 7721 4051-07 5 21 34FC
01 733 7721 4051-07 5 21 64FC
01 733 7721 4051-07 8 21 79
01 733 7721 4051-07 8 21 88
01 733 7721 4053-07 5 21 32FC
01 733 7721 4053-07 5 21 65FC
01 733 7721 4053-07 8 21 79
01 733 7721 4053-07 8 21 88
01 733 7721 4055-07 8 21 88
01 733 7721 4083
01 733 7721 4083-Set LS
01 733 7730 4124-07 4 24 64EB
01 733 7730 4124-07 5 24 10EB
01 733 7730 4124-07 8 24 05EB
01 733 7730 4125
01 733 7730 4125-Set MB
01 733 7730 4125-Set RS
01 733 7730 4134-07 4 24 64EB
01 733 7730 4134-07 5 24 10EB
01 733 7730 4134-07 8 24 05PEB
01 733 7730 4135
01 733 7730 4135-07 4 24 64EB
01 733 7730 4135-07 4 24 65EB
01 733 7730 4135-07 5 24 10EB
01 733 7730 4135-07 8 24 05PEB
01 733 7730 4152-07 5 24 12EB
01 733 7730 4152-07 8 24 05PEB
01 733 7730 4153-07 4 24 63EB
01 733 7730 4153-07 4 24 66EB
01 733 7730 4153-07 5 24 11EB
01 733 7730 4153-07 8 24 05PEB
01 733 7730 4154-07 4 24 64EB
01 733 7730 4154-07 5 24 10EB
01 733 7730 4154-07 8 24 05PEB
01 733 7730 4157
01 733 7730 4157-07 4 24 64EB
01 733 7730 4157-07 5 24 10EB
01 733 7730 4157-07 8 24 05PEB
01 733 7730 4159-07 4 24 64EB
01 733 7730 4159-07 8 24 05PEB
01 733 7730 4185
01 733 7730 4185-Set MB
01 733 7730 4185-Set RS
01 733 7730 7153-07 4 24 63TEB
01 733 7730 7153-07 4 24 64TEB
01 733 7730 7153-07 8 24 15PEB
01 733 7731 4135-07 4 18 64FC
01 733 7731 4135-07 8 18 05P
01 733 7731 4151-07 4 18 63FC
01 733 7731 4151-07 8 18 05P
01 733 7731 4154-07 4 18 64FC
01 733 7731 4154-07 8 18 05P
01 733 7731 4191-07 4 18 63FC
01 733 7731 4191-07 5 18 45FC
01 733 7731 4191-07 8 18 05P
01 733 7731 4195-07 4 18 63FC
01 733 7731 4195-07 5 18 46FC
01 733 7731 4195-07 8 18 05P
01 733 7732 4124-07 4 21 64FC
01 733 7732 4124-07 8 21 05EB
01 733 7732 4134-07 4 21 64FC
01 733 7732 4134-07 8 21 05PEB
01 733 7732 4135-07 4 21 64FC
01 733 7732 4135-07 5 21 10FC
01 733 7732 4135-07 8 21 05PEB
01 733 7732 4137-07 8 21 05PEB
01 733 7732 4157-07 4 21 64FC
01 733 7732 4157-07 5 21 10FC
01 733 7732 4157-07 8 21 05PEB
01 733 7732 4185
01 733 7732 4185-Set
01 733 7737 4053
01 733 7737 4053-07 4 19 01FC
01 733 7737 4053-07 5 19 23
01 733 7737 4053-07 5 19 43
01 733 7737 4053-07 5 19 44
01 733 7737 4053-07 8 19 01
01 733 7737 4054-07 4 19 01FC
01 733 7737 4054-07 5 19 24
01 733 7737 4054-07 5 19 44
01 733 7737 4054-07 5 19 45
01 733 7737 4054-07 8 19 01
01 733 7740 4154-07 4 24 54FC
01 733 7740 4154-07 8 24 50S
01 733 7747 4055-07 5 17 28
01 733 7747 4055-07 5 17 45
01 733 7747 4055-07 8 17 18
01 733 7747 4354-07 4 17 18
01 733 7747 4354-07 5 17 30
01 733 7747 4354-07 5 17 45
01 733 7747 4354-07 8 17 18
01 733 7752 4124-07 4 24 06FC
01 733 7752 4124-07 8 24 08
01 734 7670 4051-07 1 21 73FC
01 734 7670 4051-07 8 21 77
01 734 7670 4351-07 1 21 73FC
01 734 7670 4351-07 5 21 70FC
01 734 7670 4351-07 8 21 78
01 734 7684 4051-07 1 21 73FC
01 734 7684 4051-07 5 21 70FC
01 734 7684 4051-07 8 21 77
01 734 7684 6351-07 1 21 73FC
01 734 7684 6351-07 5 21 70FC
01 734 7684 6351-07 8 21 77
01 734 7714 4054-07 5 19 81FC
01 734 7714 4054-07 8 19 80
01 734 7721 4051-07 5 21 32FC
01 734 7721 4051-07 5 21 61FC
01 734 7721 4051-07 8 21 79
01 734 7751 4133-07 5 21 09FC
01 734 7751 4133-07 8 21 87
01 735 7641 4161-07 4 22 05
01 735 7641 4161-07 5 22 26
01 735 7641 4161-07 8 22 03
01 735 7641 4164-07 4 22 05
01 735 7641 4164-07 5 22 55
01 735 7641 4164-07 8 22 03
01 735 7641 4165-07 5 22 26
01 735 7641 4165-07 8 22 03
01 735 7641 4263-07 4 22 05G
01 735 7641 4263-07 5 22 22G
01 735 7641 4364 07 4 22 05
01 735 7641 4364-07 8 22 03
01 735 7641 4733-07 4 22 05B
01 735 7641 4733-07 5 22 24B
01 735 7641 4764-07 4 22 05B
01 735 7641 4764-07 5 22 56B
01 735 7651 4174-07 4 25 06
01 735 7651 4764-07 4 25 06B
01 735 7651 4765-07 4 25 06B
01 735 7660 4264-07 5 22 75
01 735 7662 4154-07 4 21 20FC
01 735 7662 4154-07 8 21 85
01 735 7662 4424-07 4 21 26FC
01 735 7662 4424-07 8 21 87
01 735 7662 4434-07 4 21 20FC
01 735 7662 4461-07 8 21 85
01 735 7698 4783-Set
01 735 7706 4494
01 735 7706 4494 LS
01 735 7706 4494-Set LS
01 735 7706 4494-Set MB
01 735 7716 4154-07 4 24 50
01 735 7716 4154-07 8 24 50
01 735 7716 4155-07 4 24 50
01 735 7716 4155-07 8 24 50
01 735 7728 4084
01 735 7728 4084-Set LS
01 735 7728 4084-Set LS Kroko
01 735 7728 4084-Set MB
01 735 7734 4185-Set MB
01 735 7734 4185-Set RS
01 735 7740 4154-07 4 24 54FC
01 735 7740 4154-07 8 24 50S
01 735 7740 4155-07 4 24 54FC
01 735 7740 4155-07 8 24 50S
01 735 7740 4184-Set RS
01 735 7751 4153-07 5 21 09FC
01 735 7751 4153-07 8 21 87
01 735 7752 4154-07 4 24 06FC
01 735 7752 4154-07 8 24 08
01 737 7721 4031-07 5 21 32FC
01 737 7721 4031-07 5 21 33FC
01 737 7721 4031-07 5 21 65FC
01 737 7721 4031-07 8 21 79
01 739 7674 7754-07 4 26 34BTE
01 743 7609 8454-07 8 24 01PEB
01 743 7664 7154-07 8 26 75PEB
01 743 7664 7253-07 4 26 34TEB
01 743 7664 7253-07 8 26 75PEB
01 743 7673 4135-07 4 26 34EB
01 743 7673 4137
01 743 7673 4137-07 4 26 34EB
01 743 7673 4137-07 8 26 01PEB
01 743 7673 4157-07 4 26 34EB
01 743 7673 4159
01 743 7673 4159-07 4 26 34EB
01 743 7673 4159-07 8 26 01PEB
01 743 7709 7184
01 743 7709 7184-Set MB
01 743 7733 4135-07 4 24 64EB
01 743 7733 4135-07 4 24 65EB
01 743 7733 4135-07 8 24 05PEB
01 743 7733 4159-07 4 24 64EB
01 743 7733 4159-07 8 24 05PEB
01 743 7734 4185-Set
01 744 7665 4051-07 8 22 77
01 745 7629 4064-07 5 22 77FC
01 745 7666 4051-07 5 23 70FC
01 745 7666 4051-07 8 23 77
01 745 7666 4054-07 5 23 71FC
01 745 7666 4054-07 8 23 77
01 745 7688 4034-07 5 22 77FC
01 745 7688 4034-07 8 22 30
01 745 7688 4061-07 5 22 76FC
01 745 7688 4061-07 8 22 30
01 745 7688 4064-07 5 22 77FC
01 745 7688 4064-07 8 22 30
01 745 7688 4361-07 5 22 73FC
01 747 7701 4461
01 747 7701 4461-07 5 22 87FCS
01 747 7701 4461-07 8 22 85
01 747 7715 7754
01 747 7715 7754-Set
01 748 7710 4063-07 5 22 05FC
01 748 7710 4063-07 5 22 06FC
01 748 7710 4063-07 5 22 14FC
01 748 7710 4063-07 5 22 15FC
01 748 7710 4063-07 5 22 17FC
01 748 7710 4063-07 8 22 19
01 748 7710 4164
01 748 7710 4164-07 5 22 14FC
01 748 7710 4164-07 5 22 15FC
01 748 7710 4164-07 5 22 17FC
01 748 7710 4164-07 8 22 19
01 748 7710 4284
01 748 7710 4284-Set
01 748 7748 7154-07 4 26 74TEB
01 748 7748 7154-07 8 26 74PEB
01 748 7756 4064-07 3 22 02LC
01 748 7756 4064-07 5 22 07LC
01 748 7756 4064-07 8 22 08
01 749 7632 4194-Set LS
01 749 7663 7185-Set MB
01 749 7663 7185-Set RS
01 749 7667 4051-07 8 21 77
01 749 7734 7154
01 749 7734 7154-Set
01 751 7697 4063-07 5 20 17FC
01 751 7697 4063-07 5 20 19FC
01 751 7697 4063-07 8 20 19
01 751 7697 4065-07 1 20 72FC
01 751 7697 4065-07 8 20 19
01 751 7697 4164-07 5 20 14FC
01 751 7697 4164-07 5 20 15FC
01 751 7697 4164-07 5 20 17FC
01 751 7697 4164-07 5 20 19FC
01 751 7697 4164-07 8 20 19
01 751 7697 4264-07 5 20 15GFC
01 751 7697 4264-07 5 20 19GFC
01 752 7698 4063-07 5 22 05FC
01 752 7698 4063-07 5 22 06FC
01 752 7698 4063-07 5 22 17FC
01 752 7698 4063-07 8 22 19
01 752 7698 4065-07 1 22 72FC
01 752 7698 4065-07 8 22 19
01 752 7698 4164
01 752 7698 4164-07 5 22 14FC
01 752 7698 4164-07 5 22 15FC
01 752 7698 4164-07 5 22 17FC
01 752 7698 4164-07 5 22 19FC
01 752 7698 4164-07 8 22 19
01 752 7698 4194
01 752 7698 4194-Set MB
01 752 7698 4194-Set TS
01 752 7698 4264-07 5 22 15GFC
01 752 7698 4264-07 5 22 19GFC
01 752 7698 4274-Set TS
01 752 7698 4284-Set
01 752 7698 4784-Set
01 752 7733 4135-07 4 24 64EB
01 752 7733 4135-07 4 24 65EB
01 752 7733 4135-07 5 24 10EB
01 752 7733 4135-07 8 24 05PEB
01 752 7733 4183
01 752 7733 4183-Set MB
01 752 7733 4183-Set RS
01 754 7679 4034-07 5 20 78FC
01 754 7679 4064-07 5 20 78FC
01 754 7679 4084-Set LS
01 754 7679 4331-07 8 20 32
01 754 7679 4334-07 8 20 32
01 754 7679 4361-07 5 20 77FC
01 754 7679 4364-07 8 20 32
01 754 7696 4061-07 5 20 53
01 754 7696 4064-07 5 20 51
01 754 7696 4064-07 8 20 30
01 754 7696 4361-07 5 20 52
01 754 7696 4361-07 8 20 32
01 754 7741 3167-07 5 20 58BR
01 754 7741 4037
01 754 7741 4037-Set LS
01 754 7741 4064-07 5 20 64
01 754 7741 4064-07 5 20 65
01 754 7741 4065-07 5 20 63
01 754 7741 4065-07 8 20 22
01 754 7741 4068-07 5 20 50
01 754 7741 4068-07 8 20 22
01 754 7749 3167-07 5 17 66BR
01 754 7749 4064-07 5 17 65
01 754 7749 4064-07 5 17 67
01 754 7749 4067-07 8 17 22
01 754 7749 4365-07 5 17 66
01 754 7749 4365-07 5 17 66G
01 755 7691 4051-07 5 21 80FC
01 755 7691 4051-07 8 21 80
01 755 7691 4054-07 5 21 81FC
01 755 7691 4054-07 8 21 80
01 755 7742 4051-07 5 21 34FC
01 755 7742 4051-07 5 21 64FC
01 755 7742 4051-07 8 21 79
01 755 7742 4053-07 5 21 32FC
01 755 7742 4053-07 5 21 65FC
01 755 7742 4053-07 8 21 79
01 761 7682 7134-Set
01 761 7682 7154
01 761 7682 7154-Set
01 761 7691 4051-07 5 21 80FC
01 761 7691 4051-07 8 21 80
01 761 7691 4054-07 5 21 81FC
01 761 7691 4054-07 8 21 80
01 761 7691 4085-Set LS
01 761 7691 4085-Set MB
01 761 7691 6331-07 5 21 80FC
01 761 7691 6331-07 8 21 80
01 763 7723 4051-07 5 18 33FC
01 763 7723 4051-07 5 18 34FC
01 763 7723 4051-07 5 18 64FC
01 763 7723 4051-07 5 18 66FC
01 763 7723 4051-07 8 18 79
01 763 7723 4951-07 5 18 33FC
01 763 7723 4951-07 5 18 34FC
01 763 7723 4951-07 5 18 64FC
01 763 7723 4951-07 5 18 66FC
01 763 7723 4951-07 8 18 79
01 771 7743 4185
01 771 7744 3185
01 771 7744 3185 LS
01 771 7744 3185-Set LS
01 771 7744 4354-07 5 21 45
01 771 7744 4354-07 8 21 18
01 773 7685 4184
01 774 7611 7784-Set
01 774 7655 4154-07 4 26 34EB
01 774 7655 4154-07 8 26 01PEB
01 774 7661 4424-07 4 22 25FC
01 774 7661 4424-07 8 22 87
01 774 7661 4484
01 774 7661 4484-SET
01 774 7661 7481
01 774 7661 7481-Set
01 774 7661 7734-Set TS
01 774 7683 7154
01 774 7683 7154-Set
0177476864051-0712373FC
0177476864051-0752370FC
01 774 7686 4051-07 8 23 77
01 774 7699 4063-07 5 22 05FC
01 774 7699 4063-07 5 22 06FC
01 774 7699 4063-07 5 22 14FC
01 774 7699 4063-07 5 22 15FC
01 774 7699 4063-07 5 22 19FC
01 774 7699 4063-07 8 22 19
01 774 7699 4134-07 5 22 14FC
01 774 7699 4134-07 5 22 15FC
01 774 7699 4134-07 5 22 19FC
01 774 7699 4134-07 8 22 19
01 774 7708 4154
01 774 7708 4154-Set RS
01 774 7717 4154-07 4 24 50
01 774 7717 4154-07 4 24 50FC
01 774 7717 4154-07 8 24 50
01 774 7717 4164-07 4 24 50FC
01 774 7717 4164-07 8 24 50
01 774 7717 4184-Set MB
01 774 7717 4184-Set RS
01 774 7727 7154
01 774 7727 7154-Set
01 774 7727 7784
01 774 7727 7784-Set
01 774 7743 4155-07 4 24 64EB
01 774 7743 4155-07 5 24 10EB
01 774 7743 4155-07 8 24 05PEB
01 774 7750 4153-07 1 22 10FC
01 778 7661 7784
01 778 7661 7784-Set LS
01 781 7703 4031-07 5 21 75FC
01 781 7703 4031-07 8 21 77
01 781 7703 4051-07 5 21 70FC
01 781 7703 4051-07 8 21 77
01 781 7703 4054-07 5 21 71FC
01 781 7703 4054-07 8 21 77
01 781 7703 4351-07 5 21 70FC
01 781 7729 4031-07 5 21 32FC
01 781 7729 4031-07 5 21 65FC
01 781 7729 4031-07 8 21 79
01 781 7729 4051-07 5 21 32FC
01 781 7729 4051-07 5 21 66FC
01 781 7729 4051-07 8 21 79
01 798 7754 4135-07 4 24 64EB
01 798 7754 4135-07 4 24 65EB
01 798 7754 4135-07 5 24 10EB
01 798 7754 4135-07 8 24 05PEB
01 908 7607 4051
01 910 7745 4084-Set LS
01 915 7643 4031-07 5 21 80FC
01 915 7643 4034-07 5 21 81FC
01 915 7643 4034-07 8 21 80
01 915 7643 4051-07 5 21 81FC
01 915 7643 4054-07 5 21 81FC
01 917 7702 4051-07 1 21 73FC
01 917 7702 4051-07 5 21 70FC
3341 01.771.7744.3185-LS
418-7307.
420-7387
649-7541
673 7587 70 84
675 7648 4264
67576484264LS
690-7615-4154MB
73376294263LS
733 7675 4154
73377074064RS
73377074355LS
73377204051RS
73377204054MB
73377304134MB
73377304135MB
73377304153MB
73377304157MB
73377304159MB
73377307153MB
734 7684 4051-07 1 21 74FC
735 7641 4764-07 4 22 05B
743 7673 4159
7471
7501
7503
7511
7517-41
7532
7533
7533P
7542P
7543
7560
7562P
7563
7567
7584P
7587
7589
7609
7610
7611-70
7653
77477434155RS
79877544135MB