1010
1010.010
1010.0101
1010.0102
1010.020
1010.023
1010.040
1011
1011.010
1011.020
1014.010
1014.011
1015.010
1015.011
1020
1020.010
1020.020
1020.040
103
103.031
103.061
103.0616
103.078
103.0793
103.0794
103.171
103 St
103 St Sa
104.010
104.011
104.012
104.013
104.014
112.010
140
140/42
140.020
140.030
142
144
144.066
144.068
144 St Sa
155
156
157
1746.011
1800.040
203
206.010
206.012
212.030
212.040
212.050
240.010
240.011
3006.010
303
356
356.020
356.070
356.072
356.0721
358
358.060
358.061
403
403.030
403.031
403.050
403.051
403.060
403.062
434.010
456.010
456.015
456.020
456.025
506.010
556
556.010
556.0101
556.0102
556.0104
556.0105
556.014
6000
6000.010
603
603.010
6052.010
6060
6060.010
6068.010
6099.010
6100
613.010
6200.010
6200.020
703.010
756
756.010
756.020
756.030
756.031
757
757.010
757.011
757.030
836.010
856
856.010
856.011
856.012
856.020
856.023
857
857.010
857.012
857.020
857.021
857.030
857.0401
857.041
857.050
900.011
900.013
900.020
903
903.040
903.042
903.045
903 ST
910.010
910.020
917.010
917.011
936.010
949.010
950.011
956
956.010
958
EZM 1.1