03273
101548
101549
101550
101551
101558
101565
101637
101638
101640
101657
102135
102334
102336
102337
102340
102341
102342
102345
102359
102361
102362
102365
102369
102370
102371
102376
102377
102378
103094
103095
104271
104273
104279
104280
104286
104291
104659
104705
104981
105077
105656
105805
105812
105813
105856
105858
105891
105893
105913
105961
105962
106066
106462
106464
106465
106466
106467
106468
106487
106488
106490
106497
106499
106501
106502
106503
106504
106507
106593
106595
106884
106886
107063
107065
107067
107068
107070
107072
107073
107075
107076
107113
107114
107115
107116
107117
107118
107119
107303
107309
107312
107314
107315
107316
107320
107321
107322
107334
107335
107336
107338
107339
107911
107915
107916
108736
108737
108761
108762
108763
108764
108765
108766
108768
108769
108770
108789
108790
10883
108955
108956
109133
109134
109135
109136
109137
109285
109286
109334
109345
109996
110304
110305
110330
110337
110338
110339
110340
110465
110590
110695
110696
110699
110714
110715
110717
111012
111055
111056
111057
111058
111074
111184
111185
111197
111206
111207
111208
111209
111214
111580
111581
111591
111592
111620
111622
111623
111624
111625
111833
111873
111874
111875
111881
111912
112145
112307
112308
112309
112310
112499
112500
112501
112512
112516
112519
112520
112521
112532
112533
112534
112535
112536
112537
112538
112539
112540
112541
112555
112556
112604
112609
112610
112611
112632
112633
112635
112636
112638
112639
112647
112648
112686
113702
113705
113779
113823
113827
113828
113850
113860
113876
113877
113879
113880
114086
114336
114337
114339
114340
114366
114367
114368
114369
114730
114733
114734
114805
114841
114852
114853
114854
114855
114856
114857
114858
114859
114869
114872
114873
114875
114876
114878
114957
114958
115071
115073
115074
115079
115080
115122
115123
115345
115936
115937
116057
116058
116059
116060
116061
116096
116097
116098
116099
116100
116101
116102
116241
116243
116244
116479
116481
116482
116483
116498
116500
116508
116511
116522
116526
116533
116534
117047
117048
117051
117323
117324
117326
117534
117535
117536
117537
117538
117541
117542
117548
117574
117575
117577
117578
117739
117742
117744
117829
117830
117832
117833
117834
117835
117836
117837
117838
117840
117902
117905
118222
118223
118224
118225
118488
118489
118490
118491
118494
118508
118510
118511
118513
118514
118515
118516
118517
118518
118532
118533
118534
118535
118536
118537
118651
118772
118774
119065
119286
119347
119438
119439
119440
119441
119560
119561
119722
119723
119907
119908
119909
119914
119925
119926
119935
119940
119941
119942
119943
119944
119947
119948
119950
119951
119952
119954
119955
119956
119959
119960
119962
119963
123867
124073
124341
124782
18966
3273
3274
35278
35777
36063
36065
36067
36967
36972
4810
7000
7001
7002
7003
7004
7005
7008
7014
7016
7017
7018
7020
7026
7027
7034
7035
7036
7037
7038
7039
7042
7044
7045
7046
7047
7048
7049
7050
7058
7059
7060
7061
7062
7067
7068
7069
7070
7072
7073
7077
7079
7081
7093
7096
7102
7104
7138
7141
7182
7189
7211
7323
8469
9668
9669
9670
9671
9672
9675
M29430