101638
101640
102135
102340
102345
105893
105895
105913
105961
106462
106464
106465
106466
106467
106468
107113
107114
107115
107117
107118
107314
107315
108736
108737
108761
108762
108763
109285
109286
110590
110642
111881
111912
113848
113879
113880
115345
116508
116511
116522
117323
117324
117326
117574
117575
117576
117577
117578
118508
118510
118511
118514
118515
118516
118517
118532
118533
118534
118535
118536
119955
119956
119957
119959
124341
18966
36967
7000
7001
7002
7004
7005
7008
7014
7016
7017
7020
7026
7027
7038
7039
7042
7046
7067
7068
7072
7073
7079
7102
7104
7189
7236
MB119955