09668
101548
101549
101550
101551
101565
102365
103094
103095
104286
105077
105805
105812
105813
105962
106066
106501
106502
106503
106504
106593
107063
107065
107303
107320
107321
107322
107336
107338
107339
108955
108956
109133
109134
109135
109136
109137
109334
109345
110330
110337
110338
110339
110340
112604
113827
113828
113850
113876
113877
114878
115079
115080
116057
116058
116059
116060
116061
116096
116097
116098
116099
116100
116101
116102
117051
118488
118489
118490
118491
118494
119940
119941
119942
124073
36063
36065
36972
7050
7069
7070
7071
7081
7096
7141
9668
9669
9670
9671
9672
9675
M29430