1211
131.019
131.019SP
131.5016
132.019
135.011
135.033
135.041
135.070
136.0099
136.0102
136.0104
136.011
136.033
136.041
136.070
14389-1
14391
145.009
145.010
146.009
146.010
146.012
14724
161009
165.002
165.041
165.070
166.002
166.0041
166.0098
166.0117
166.0163
166.0164
166.0168
166.0169
166.0177
166.0188
166.0190
166.037
166.039
166.041
166.070
166.079
166.121
166.175
1660118
1660120
1660173
1660174
1660191
196.0030
198.030
198.031
2903
f300Hz
Geneve
Omega Genève
Tool 107